[gd_scene load_steps=11 format=2]

[ext_resource path="res://Assets/man.tscn" type="PackedScene" id=1]
[ext_resource path="res://Scripts/Characters/Player/Player.gd" type="Script" id=2]

[sub_resource type="CapsuleShape" id=37]
radius = 0.26219
height = 0.666922

[sub_resource type="CapsuleShape" id=38]
radius = 0.0389975
height = 0.723273

[sub_resource type="AnimationNodeAnimation" id=46]
animation = "StandardRun-loop"

[sub_resource type="AnimationNodeAnimation" id=47]
animation = "idle-loop"

[sub_resource type="AnimationNodeBlendSpace1D" id=41]
blend_point_0/node = SubResource( 46 )
blend_point_0/pos = 7.0
blend_point_1/node = SubResource( 47 )
blend_point_1/pos = 0.0
max_space = 10.0

[sub_resource type="AnimationNodeStateMachine" id=42]
states/BlendSpace1D/node = SubResource( 41 )
states/BlendSpace1D/position = Vector2( 320, 142 )
start_node = "BlendSpace1D"

[sub_resource type="AnimationNodeBlendTree" id=45]
nodes/StateMachine/node = SubResource( 42 )
nodes/StateMachine/position = Vector2( 100, 140 )
node_connections = [ "output", 0, "StateMachine" ]

[sub_resource type="AnimationNodeStateMachinePlayback" id=44]

[node name="Player" type="KinematicBody"]
script = ExtResource( 2 )

[node name="man" parent="." instance=ExtResource( 1 )]

[node name="Skeleton" parent="man/Armature001" index="0"]
bones/10/bound_children = [  ]
bones/32/bound_children = [  ]
bones/34/bound_children = [  ]
bones/40/bound_children = [  ]
bones/42/bound_children = [  ]

[node name="BoneAttachment" parent="man/Armature001/Skeleton" index="0"]
transform = Transform( 0.995168, -0.0252385, -0.0948866, 0.0131448, 0.991946, -0.125981, 0.0973013, 0.124122, 0.987476, 2.9828, 156.895, -1.99471 )

[node name="BoneAttachment2" parent="man/Armature001/Skeleton" index="1"]
transform = Transform( -0.966782, 0.25524, 0.0136183, 0.00647981, -0.0287876, 0.999565, 0.255521, 0.966449, 0.0261774, 17.1156, 0.775609, 12.1272 )

[node name="BoneAttachment3" parent="man/Armature001/Skeleton" index="2"]
transform = Transform( -0.946968, -0.32087, -0.0170898, -0.00574379, -0.0362734, 0.999325, -0.321274, 0.946428, 0.0325068, -23.8692, 0.790573, 13.6589 )

[node name="Left_foot" parent="man/Armature001/Skeleton" index="5"]
transform = Transform( -0.965798, 0.211442, 0.150092, 0.0122542, -0.540974, 0.84095, 0.259008, 0.814027, 0.51988, 13.068, 11.1315, -3.45576 )

[node name="Right_foot" parent="man/Armature001/Skeleton" index="7"]
transform = Transform( -0.94568, -0.26847, -0.183337, -0.0103932, -0.538687, 0.842441, -0.324932, 0.798586, 0.506636, -18.7074, 11.1477, -1.69525 )

[node name="Physical Bone mixamorigSpine" parent="man/Armature001/Skeleton" index="9"]
transform = Transform( 0.999751, 0.0197531, -0.0103216, -0.0181413, 0.990271, 0.137967, 0.0129466, -0.137747, 0.990375, 0.13029, 111.573, -1.56033 )
joint_offset = Transform( 1, 0, 0, 0, 1, 0, 0, 0, 1, 1.49012e-07, -4.2702e-14, 2.86102e-06 )
body_offset = Transform( 1, -4.30737e-09, 2.79397e-09, 4.65661e-10, 1, 1.49012e-08, -1.86265e-09, 0, 1, -1.49012e-07, 0, -2.86102e-06 )

[node name="Physical Bone mixamorigNeck" parent="man/Armature001/Skeleton" index="10"]
transform = Transform( 0.995715, 0.0343555, -0.0858528, -0.0342546, 0.999409, 0.00264863, 0.0858927, 0.000301309, 0.996296, 0.92573, 150.264, -6.03466 )
joint_offset = Transform( 1, 0, 0, 0, 1, 0, 0, 0, 1, -1.0747e-13, 3.05176e-05, 5.72205e-06 )
body_offset = Transform( 1, 7.27596e-10, 1.49012e-08, 5.19321e-09, 1, -4.07454e-10, 0, 2.61934e-10, 1, 0, -3.05176e-05, -5.72205e-06 )

[node name="Physical Bone mixamorigHead" parent="man/Armature001/Skeleton" index="11"]
transform = Transform( 0.994103, -0.0357017, -0.102397, 0.0279195, 0.996682, -0.0764515, 0.104787, 0.0731389, 0.991793, 0.912214, 157.879, -2.84122 )
joint_offset = Transform( 1, 0, 0, 0, 1, 0, 0, 0, 1, 1.90735e-06, 1.52588e-05, 7.62939e-06 )
body_offset = Transform( 1, 3.72529e-09, -2.23517e-08, 3.72529e-09, 1, -7.45058e-09, 4.47035e-08, 1.49012e-08, 1, -1.90735e-06, -1.52588e-05, -7.62939e-06 )

[node name="Physical Bone mixamorigLeftArm" parent="man/Armature001/Skeleton" index="12"]
transform = Transform( 0.311205, 0.274551, -0.909821, 0.0488839, -0.960718, -0.273189, -0.949077, 0.0405441, -0.312398, 20.947, 144.189, -5.64444 )
joint_offset = Transform( 1, 0, 0, 0, 1, 0, 0, 0, 1, 1.90735e-06, 3.55272e-15, 3.8147e-06 )
body_offset = Transform( 1, -3.72529e-09, 2.98023e-08, -1.11759e-08, 1, 4.65661e-09, 0, -3.63216e-08, 1, -1.90735e-06, 0, -3.8147e-06 )

[node name="Physical Bone mixamorigLeftForeArm" parent="man/Armature001/Skeleton" index="13"]
transform = Transform( 0.390291, 0.0341164, -0.920059, -0.425463, -0.879529, -0.213096, -0.816481, 0.474618, -0.328754, 28.5963, 117.422, -4.51482 )
joint_offset = Transform( 1, 0, 0, 0, 1, 0, 0, 0, 1, -3.41061e-13, 3.04932e-20, 3.8147e-06 )
body_offset = Transform( 1, 0, 8.9407e-08, 8.9407e-08, 1, 0, -5.96046e-08, 1.49012e-08, 1, 0, 0, -3.8147e-06 )

[node name="Physical Bone mixamorigLeftHand" parent="man/Armature001/Skeleton" index="14"]
transform = Transform( 0.39029, 0.0341159, -0.920059, -0.425462, -0.87953, -0.213095, -0.816482, 0.474618, -0.328754, 29.5325, 93.2876, 8.50872 )
joint_offset = Transform( 1, 0, 0, 0, 1, 0, 0, 0, 1, 2.27374e-13, -1.13687e-13, 3.8147e-06 )
body_offset = Transform( 1, 0, -5.96046e-08, 1.19209e-07, 1, 2.98023e-08, 5.96046e-08, -4.47035e-08, 1, 0, 0, -3.8147e-06 )

[node name="Physical Bone mixamorigRightArm" parent="man/Armature001/Skeleton" index="15"]
transform = Transform( 0.259843, -0.305446, 0.91607, -0.0237678, -0.950391, -0.310148, 0.96535, 0.0588186, -0.254209, -19.3187, 145.102, -7.5488 )
joint_offset = Transform( 1, 0, 0, 0, 1, 0, 0, 0, 1, 1.90735e-06, -1.52588e-05, 7.62939e-06 )
body_offset = Transform( 1, 1.49012e-08, 0, 3.72529e-09, 1, 5.40167e-08, -4.47035e-08, -1.39698e-08, 1, -1.90735e-06, 1.52588e-05, -7.62939e-06 )

[node name="Physical Bone mixamorigRightForeArm" parent="man/Armature001/Skeleton" index="16"]
transform = Transform( 0.359827, -0.0895628, 0.928711, 0.43631, -0.863689, -0.252339, 0.82471, 0.496002, -0.271698, -27.8286, 118.624, -5.91009 )
joint_offset = Transform( 1, 0, 0, 0, 1, 0, 0, 0, 1, -7.62939e-06, 2.27374e-13, 7.62939e-06 )
body_offset = Transform( 1, 5.96046e-08, 0, 8.9407e-08, 1, 5.96046e-08, -5.96046e-08, 0, 1, 7.62939e-06, 0, -7.62939e-06 )

[node name="Physical Bone mixamorigRightHand" parent="man/Armature001/Skeleton" index="17"]
transform = Transform( 0.359827, -0.0895628, 0.928711, 0.436309, -0.863689, -0.252339, 0.82471, 0.496002, -0.271698, -30.2863, 94.9224, 7.7013 )
joint_offset = Transform( 1, 0, 0, 0, 1, 0, 0, 0, 1, 3.8147e-06, -5.68434e-14, 3.8147e-06 )
body_offset = Transform( 1, 5.96046e-08, 2.98023e-08, 0, 1, 1.49012e-08, 4.47035e-08, 4.47035e-08, 1, -3.8147e-06, 0, -3.8147e-06 )

[node name="Physical Bone mixamorigLeftUpLeg" parent="man/Armature001/Skeleton" index="18"]
transform = Transform( -0.997544, 0.0240596, 0.0657792, -0.0108518, -0.9809, 0.194209, 0.0691954, 0.193018, 0.978752, 10.8856, 96.3754, 0.498523 )
joint_offset = Transform( 1, 0, 0, 0, 1, 0, 0, 0, 1, -1.90735e-06, -1.42109e-13, 9.53674e-06 )
body_offset = Transform( 1, -4.65661e-09, 0, 0, 1, 1.49012e-08, -7.45058e-09, 0, 1, 1.90735e-06, 0, -9.53674e-06 )

[node name="Physical Bone mixamorigLeftLeg" parent="man/Armature001/Skeleton" index="19"]
transform = Transform( -0.970414, 0.0252305, 0.240124, -0.0941035, -0.955402, -0.279914, 0.222353, -0.294229, 0.92951, 11.9696, 52.181, 9.19489 )
joint_offset = Transform( 1, 0, 0, 0, 1, 0, 0, 0, 1, -1.90735e-06, -3.8147e-06, 7.15256e-06 )
body_offset = Transform( 1, 1.49012e-08, 5.96046e-08, 7.45058e-09, 1, 0, -2.98023e-08, 0, 1, 1.90735e-06, 3.8147e-06, -7.15256e-06 )

[node name="Physical Bone mixamorigRightUpLeg" parent="man/Armature001/Skeleton" index="20"]
transform = Transform( -0.971704, -0.109136, -0.209475, 0.0665074, -0.977391, 0.200707, -0.226643, 0.181096, 0.956994, -11.2465, 96.8144, 0.531668 )
joint_offset = Transform( 1, 0, 0, 0, 1, 0, 0, 0, 1, 1.13687e-13, 1.27055e-21, 1.90735e-06 )
body_offset = Transform( 1, 3.72529e-09, -5.96046e-08, -1.11759e-08, 1, 0, 0, -1.49012e-08, 1, 0, 0, -1.90735e-06 )

[node name="Physical Bone mixamorigRightLeg" parent="man/Armature001/Skeleton" index="21"]
transform = Transform( -0.949179, -0.0602418, -0.308916, 0.130484, -0.968507, -0.212058, -0.286412, -0.24159, 0.927147, -16.1638, 52.7766, 8.69124 )
joint_offset = Transform( 1, 0, 0, 0, 1, 0, 0, 0, 1, -6.35275e-22, 4.26326e-14, 1.43051e-06 )
body_offset = Transform( 1, 1.49012e-08, 0, 7.45058e-09, 1, -2.98023e-08, 5.96046e-08, 0, 1, 0, 0, -1.43051e-06 )

[node name="Target_left" parent="man" index="4"]
transform = Transform( -0.995705, 0.0839233, -0.0390981, -0.0700844, -0.40728, 0.91061, 0.0604976, 0.90944, 0.411412, 0.177442, 0, 0 )

[node name="Target_right" parent="man" index="5"]
transform = Transform( -0.996751, -0.00543505, 0.0803656, 0.0717919, -0.512364, 0.855762, 0.0365253, 0.858751, 0.511089, -0.221809, 0, 0 )

[node name="Interpolation_left" parent="man" index="8"]
transform = Transform( 1, 0, 0, 0, 1, 0, 0, 0, 1, 0, 1, 0 )

[node name="Interpolation_right" parent="man" index="9"]
transform = Transform( 1, 0, 0, 0, 1, 0, 0, 0, 1, 0, 1, 0 )

[node name="CollisionShape" type="CollisionShape" parent="."]
transform = Transform( 1, 0, 0, 0, -4.37114e-08, 1, 0, -1, -4.37114e-08, 0, 1.16246, -0.0506245 )
shape = SubResource( 37 )

[node name="CollisionShape2" type="CollisionShape" parent="."]
transform = Transform( 1, 0, 0, 0, -4.37114e-08, 1, 0, -1, -4.37114e-08, 0, 0.402681, -0.0506245 )
shape = SubResource( 38 )

[node name="CameraRig" type="Position3D" parent="."]

[node name="Camera" type="Camera" parent="CameraRig"]
transform = Transform( 1, 0, 0, 0, 0.866025, 0.5, 0, -0.5, 0.866025, -0.495069, 2.31589, 2.62097 )

[node name="AnimationTree" type="AnimationTree" parent="."]
tree_root = SubResource( 45 )
anim_player = NodePath("../man/AnimationPlayer")
active = true
parameters/StateMachine/playback = SubResource( 44 )
parameters/StateMachine/BlendSpace1D/blend_position = -0.00100911

[editable path="man"]
