[gd_scene load_steps=14 format=2]

[ext_resource path="res://Assets/man.tscn" type="PackedScene" id=1]
[ext_resource path="res://Scripts/Characters/Player/Player.gd" type="Script" id=2]

[sub_resource type="CapsuleShape" id=37]
radius = 0.26219
height = 0.666922

[sub_resource type="CapsuleShape" id=38]
radius = 0.0389975
height = 0.723273

[sub_resource type="AnimationNodeAnimation" id=46]
animation = "StandardRun-loop"

[sub_resource type="AnimationNodeAnimation" id=47]
animation = "idle-loop"

[sub_resource type="AnimationNodeBlendSpace1D" id=41]
blend_point_0/node = SubResource( 46 )
blend_point_0/pos = 7.0
blend_point_1/node = SubResource( 47 )
blend_point_1/pos = 0.0
max_space = 10.0

[sub_resource type="AnimationNodeAnimation" id=48]
animation = "FallingIdle-loop"

[sub_resource type="AnimationNodeStateMachineTransition" id=49]
xfade_time = 0.1

[sub_resource type="AnimationNodeStateMachineTransition" id=50]
xfade_time = 0.1

[sub_resource type="AnimationNodeStateMachine" id=42]
states/BlendSpace1D/node = SubResource( 41 )
states/BlendSpace1D/position = Vector2( 321, 142 )
states/FallingIdle-loop/node = SubResource( 48 )
states/FallingIdle-loop/position = Vector2( 581, 142 )
transitions = [ "BlendSpace1D", "FallingIdle-loop", SubResource( 49 ), "FallingIdle-loop", "BlendSpace1D", SubResource( 50 ) ]
start_node = "BlendSpace1D"

[sub_resource type="AnimationNodeBlendTree" id=45]
graph_offset = Vector2( -458.147, 0 )
nodes/StateMachine/node = SubResource( 42 )
nodes/StateMachine/position = Vector2( 100, 140 )
node_connections = [ "output", 0, "StateMachine" ]

[sub_resource type="AnimationNodeStateMachinePlayback" id=44]

[node name="Player" type="KinematicBody"]
script = ExtResource( 2 )

[node name="man" parent="." instance=ExtResource( 1 )]

[node name="Skeleton" parent="man/Armature001" index="0"]
bones/10/bound_children = [ NodePath("BoneAttachment") ]
bones/32/bound_children = [ NodePath("Left_foot") ]
bones/34/bound_children = [ NodePath("BoneAttachment2") ]
bones/40/bound_children = [ NodePath("Right_foot") ]
bones/42/bound_children = [ NodePath("BoneAttachment3") ]

[node name="BoneAttachment" parent="man/Armature001/Skeleton" index="0"]
transform = Transform( 0.998042, -0.0380998, -0.0496007, 0.0343755, 0.996674, -0.0738849, 0.0522495, 0.0720325, 0.996024, -6.79118, 158.61, -2.40389 )

[node name="BoneAttachment2" parent="man/Armature001/Skeleton" index="1"]
transform = Transform( -0.964607, 0.263451, 0.0112729, 0.00615156, -0.0202561, 0.999776, 0.26362, 0.96446, 0.0179186, 17.1692, 0.758088, 12.0879 )

[node name="BoneAttachment3" parent="man/Armature001/Skeleton" index="2"]
transform = Transform( -0.950056, -0.311554, -0.018097, -0.00638136, -0.0385827, 0.999235, -0.312014, 0.949445, 0.0346673, -23.7528, 0.732044, 13.5373 )

[node name="Left_foot" parent="man/Armature001/Skeleton" index="5"]
transform = Transform( -0.963578, 0.218337, 0.154426, 0.0121943, -0.540973, 0.840952, 0.267151, 0.812205, 0.518607, 12.9896, 11.1139, -3.46017 )

[node name="Right_foot" parent="man/Armature001/Skeleton" index="7"]
transform = Transform( -0.948776, -0.259056, -0.18087, -0.012448, -0.541373, 0.840691, -0.315704, 0.799879, 0.510416, -18.772, 11.1408, -1.84168 )

[node name="Physical Bone mixamorigHips" parent="man/Armature001/Skeleton" index="9"]
transform = Transform( 0.998387, -0.0260231, 0.0504653, -0.0244759, -0.999219, -0.0310381, 0.0512335, 0.0297529, -0.998243, 1.2459, 101.924, -1.09705 )
joint_offset = Transform( 1, 0, 0, 0, 1, 0, 0, 0, 1, -2.98024e-08, -4.88949e-14, 5.24521e-06 )
body_offset = Transform( 1, 4.65661e-10, 7.45058e-09, -1.5134e-09, 1, 9.31323e-09, 1.49012e-08, 3.72529e-09, 1, 2.98023e-08, 0, -5.24521e-06 )

[node name="Physical Bone mixamorigSpine" parent="man/Armature001/Skeleton" index="10"]
transform = Transform( 0.998298, 0.0284556, -0.0509015, -0.0213039, 0.990494, 0.135898, 0.0542851, -0.134583, 0.989406, 1.55717, 111.548, -2.56488 )
joint_offset = Transform( 1, 0, 0, 0, 1, 0, 0, 0, 1, 6.55651e-07, -1.14908e-13, 3.8147e-06 )
body_offset = Transform( 1, -1.44355e-08, 1.11759e-08, 1.86265e-09, 1, 2.98023e-08, 3.72529e-09, 0, 1, -6.55651e-07, 0, -3.8147e-06 )

[node name="Physical Bone mixamorigNeck" parent="man/Armature001/Skeleton" index="11"]
transform = Transform( 0.992953, 0.0248055, -0.115876, -0.0229644, 0.999588, 0.0171962, 0.116255, -0.014416, 0.993106, 2.57896, 150.221, -7.17134 )
joint_offset = Transform( 1, 0, 0, 0, 1, 0, 0, 0, 1, -1.1921e-07, 0.000106812, 4.76837e-06 )
body_offset = Transform( 1, 3.14321e-09, 4.47035e-08, 1.62981e-08, 1, -8.3819e-09, 7.45058e-09, -6.51926e-09, 1, 1.19209e-07, -0.000106812, -4.76837e-06 )

[node name="Physical Bone mixamorigHead" parent="man/Armature001/Skeleton" index="12"]
transform = Transform( 0.992302, -0.04536, -0.115238, 0.0402474, 0.998116, -0.0463143, 0.117121, 0.0413172, 0.99225, 2.3966, 157.884, -4.10013 )
joint_offset = Transform( 1, 0, 0, 0, 1, 0, 0, 0, 1, 4.76837e-06, 6.10352e-05, 3.81469e-06 )
body_offset = Transform( 1, 5.12227e-09, -5.96046e-08, 9.31323e-09, 1, -1.86265e-08, 1.04308e-07, 2.98023e-08, 1, -4.76837e-06, -6.10352e-05, -3.8147e-06 )

[node name="Physical Bone mixamorigLeftShoulder" parent="man/Armature001/Skeleton" index="13"]
transform = Transform( 0.0255609, 0.975349, -0.21918, -0.115657, -0.214894, -0.969765, -0.992952, 0.0501386, 0.107314, 9.11341, 148.277, -6.28371 )
joint_offset = Transform( 1, 0, 0, 0, 1, 0, 0, 0, 1, -1.90735e-06, -3.8147e-06, -1.52588e-05 )
body_offset = Transform( 1, 7.45058e-09, 6.70552e-08, -3.72529e-09, 1, -2.28174e-08, -1.49012e-08, -5.86733e-08, 1, 1.90735e-06, 3.8147e-06, 1.52588e-05 )

[node name="Physical Bone mixamorigLeftArm" parent="man/Armature001/Skeleton" index="14"]
transform = Transform( 0.311414, 0.304159, -0.900283, 0.0590077, -0.951754, -0.301138, -0.948433, 0.0406569, -0.314335, 22.8466, 145.251, -5.57774 )
joint_offset = Transform( 1, 0, 0, 0, 1, 0, 0, 0, 1, 5.72205e-06, -1.52588e-05, -7.62939e-06 )
body_offset = Transform( 1, -1.11759e-08, 8.9407e-08, -2.98023e-08, 1, 9.31323e-09, 0, -6.89179e-08, 1, -5.72205e-06, 1.52588e-05, 7.62939e-06 )

[node name="Physical Bone mixamorigLeftForeArm" parent="man/Armature001/Skeleton" index="15"]
transform = Transform( 0.405373, 0.0564533, -0.912406, -0.419473, -0.875322, -0.240527, -0.81222, 0.480231, -0.33115, 31.3208, 118.734, -4.44499 )
joint_offset = Transform( 1, 0, 0, 0, 1, 0, 0, 0, 1, -1.02318e-12, -5.6843e-14, 3.8147e-06 )
body_offset = Transform( 1, -5.96046e-08, 2.68221e-07, 4.17233e-07, 1, 1.49012e-08, -5.96046e-08, 1.49012e-08, 1, 0, 0, -3.8147e-06 )

[node name="Physical Bone mixamorigRightShoulder" parent="man/Armature001/Skeleton" index="16"]
transform = Transform( -0.116103, -0.967424, 0.224965, 0.0896511, -0.23578, -0.967662, 0.989174, -0.0921802, 0.114107, -3.98119, 148.395, -8.11832 )
joint_offset = Transform( 1, 0, 0, 0, 1, 0, 0, 0, 1, 2.27374e-13, -7.6294e-06, -1.52588e-05 )
body_offset = Transform( 1, -2.98023e-08, 2.98023e-08, 0, 1, 1.23866e-07, 2.98023e-08, -7.26432e-08, 1, 0, 7.62939e-06, 1.52588e-05 )

[node name="Physical Bone mixamorigRightArm" parent="man/Armature001/Skeleton" index="17"]
transform = Transform( 0.245086, -0.320976, 0.914827, -0.0296785, -0.945647, -0.323838, 0.969039, 0.0522188, -0.241287, -17.6028, 145.075, -9.41621 )
joint_offset = Transform( 1, 0, 0, 0, 1, 0, 0, 0, 1, -1.90735e-06, -1.52588e-05, 3.8147e-06 )
body_offset = Transform( 1, 2.6077e-08, 8.9407e-08, 1.11759e-08, 1, 4.84288e-08, -7.45058e-08, 0, 1, 1.90735e-06, 1.52588e-05, -3.8147e-06 )

[node name="Physical Bone mixamorigRightForeArm" parent="man/Armature001/Skeleton" index="18"]
transform = Transform( 0.354994, -0.107114, 0.928712, 0.434866, -0.860475, -0.265469, 0.827562, 0.498103, -0.25888, -26.5454, 118.729, -7.96137 )
joint_offset = Transform( 1, 0, 0, 0, 1, 0, 0, 0, 1, -1.14441e-05, -1.52588e-05, 1.14441e-05 )
body_offset = Transform( 1, 8.9407e-08, 7.45058e-08, 3.57628e-07, 1, 7.45058e-08, -1.19209e-07, 1.49012e-08, 1, 1.14441e-05, 1.52588e-05, -1.14441e-05 )

[node name="Physical Bone mixamorigLeftUpLeg" parent="man/Armature001/Skeleton" index="19"]
transform = Transform( -0.999625, 0.0014896, 0.0273332, 0.00411814, -0.978971, 0.20396, 0.0270622, 0.203996, 0.978598, 12.1438, 96.2868, -0.135319 )
joint_offset = Transform( 1, 0, 0, 0, 1, 0, 0, 0, 1, -2.86102e-06, 1.52588e-05, 5.72205e-06 )
body_offset = Transform( 1, -1.11759e-08, -5.58794e-09, -5.58794e-09, 1, 2.98023e-08, -1.30385e-08, -7.45058e-08, 1, 2.86102e-06, -1.52588e-05, -5.72205e-06 )

[node name="Physical Bone mixamorigLeftLeg" parent="man/Armature001/Skeleton" index="20"]
transform = Transform( -0.979848, 0.0207184, 0.198667, -0.0778214, -0.955612, -0.284166, 0.183961, -0.2939, 0.937967, 12.2109, 52.1794, 9.05565 )
joint_offset = Transform( 1, 0, 0, 0, 1, 0, 0, 0, 1, -3.8147e-06, -1.52588e-05, -5.72205e-06 )
body_offset = Transform( 1, 1.49012e-08, 7.45058e-08, 0, 1, 5.96046e-08, -4.47035e-08, -2.98023e-08, 1, 3.8147e-06, 1.52588e-05, 5.72205e-06 )

[node name="Physical Bone mixamorigLeftFoot" parent="man/Armature001/Skeleton" index="21"]
transform = Transform( -0.96653, 0.208958, 0.14885, 0.0119225, -0.54298, 0.839661, 0.256277, 0.813333, 0.522315, 13.1011, 11.1216, -3.57172 )
joint_offset = Transform( 1, 0, 0, 0, 1, 0, 0, 0, 1, 4.26326e-14, 8.52651e-14, 2.86102e-06 )
body_offset = Transform( 1, 5.96046e-08, -1.49012e-08, 0, 1, -2.98023e-08, 5.96046e-08, 0, 1, 0, 0, -2.86102e-06 )

[node name="Physical Bone mixamorigRightUpLeg" parent="man/Armature001/Skeleton" index="22"]
transform = Transform( -0.955918, -0.134319, -0.261112, 0.0762079, -0.972259, 0.221147, -0.283572, 0.191499, 0.939635, -9.9678, 96.8361, -1.02912 )
joint_offset = Transform( 1, 0, 0, 0, 1, 0, 0, 0, 1, 3.4106e-13, 5.68434e-14, 3.8147e-06 )
body_offset = Transform( 1, -1.49012e-08, -8.9407e-08, -1.86265e-08, 1, -1.49012e-08, 0, -7.45058e-08, 1, 0, 0, -3.8147e-06 )

[node name="Physical Bone mixamorigRightLeg" parent="man/Armature001/Skeleton" index="23"]
transform = Transform( -0.932717, -0.0629793, -0.355066, 0.133985, -0.974668, -0.179082, -0.334793, -0.214607, 0.917528, -16.0197, 53.0295, 7.59916 )
joint_offset = Transform( 1, 0, 0, 0, 1, 0, 0, 0, 1, -4.26326e-14, 2.13163e-14, 1.43051e-06 )
body_offset = Transform( 1, 0, 2.98023e-08, 7.45058e-09, 1, -1.49012e-08, 1.78814e-07, -1.49012e-08, 1, 0, 0, -1.43051e-06 )

[node name="Physical Bone mixamorigRightFoot" parent="man/Armature001/Skeleton" index="24"]
transform = Transform( -0.945807, -0.266975, -0.18486, -0.0126693, -0.538503, 0.842528, -0.324481, 0.799211, 0.505938, -18.7277, 11.1219, -1.62822 )
joint_offset = Transform( 1, 0, 0, 0, 1, 0, 0, 0, 1, 1.27898e-13, -1.14349e-20, -2.86102e-06 )
body_offset = Transform( 1, 0, 4.47035e-08, 8.9407e-08, 1, 0, -1.49012e-08, 5.96046e-08, 1, 0, 0, 2.86102e-06 )

[node name="Target_left" parent="man" index="4"]
transform = Transform( -0.995705, 0.0839233, -0.0390981, -0.0700844, -0.40728, 0.91061, 0.0604976, 0.90944, 0.411412, 0.177442, 0, -0.000311926 )

[node name="Target_right" parent="man" index="5"]
transform = Transform( -0.996751, -0.00543505, 0.0803656, 0.0717919, -0.512364, 0.855762, 0.0365253, 0.858751, 0.511089, -0.221809, 0, -0.000650406 )

[node name="Interpolation_left" parent="man" index="8"]
transform = Transform( 1, 0, 0, 0, 1, 0, 0, 0, 1, 0, 0.999926, 0 )

[node name="Interpolation_right" parent="man" index="9"]
transform = Transform( 1, 0, 0, 0, 1, 0, 0, 0, 1, 0, 0.998256, 0 )

[node name="CollisionShape" type="CollisionShape" parent="."]
transform = Transform( 1, 0, 0, 0, -4.37114e-08, 1, 0, -1, -4.37114e-08, 0, 1.16246, -0.0506245 )
shape = SubResource( 37 )

[node name="CollisionShape2" type="CollisionShape" parent="."]
transform = Transform( 1, 0, 0, 0, -4.37114e-08, 1, 0, -1, -4.37114e-08, 0, 0.402681, -0.0506245 )
shape = SubResource( 38 )

[node name="CameraRig" type="Position3D" parent="."]

[node name="Camera" type="Camera" parent="CameraRig"]
transform = Transform( 1, 0, 0, 0, 0.866025, 0.5, 0, -0.5, 0.866025, -0.495069, 2.31589, 2.62097 )

[node name="AnimationTree" type="AnimationTree" parent="."]
tree_root = SubResource( 45 )
anim_player = NodePath("../man/AnimationPlayer")
active = true
parameters/StateMachine/playback = SubResource( 44 )
parameters/StateMachine/BlendSpace1D/blend_position = 0.0121065

[editable path="man"]
