[gd_scene load_steps=11 format=2]

[ext_resource path="res://Assets/man.tscn" type="PackedScene" id=1]
[ext_resource path="res://Scripts/Characters/Player/Player.gd" type="Script" id=2]

[sub_resource type="CapsuleShape" id=37]
radius = 0.26219
height = 0.666922

[sub_resource type="CapsuleShape" id=38]
radius = 0.0389975
height = 0.723273

[sub_resource type="AnimationNodeAnimation" id=39]
animation = "idle-loop"

[sub_resource type="AnimationNodeAnimation" id=40]
animation = "StandardRun-loop"

[sub_resource type="AnimationNodeBlendSpace1D" id=41]
blend_point_0/node = SubResource( 39 )
blend_point_0/pos = 0.0
blend_point_1/node = SubResource( 40 )
blend_point_1/pos = 7.3
max_space = 10.0

[sub_resource type="AnimationNodeStateMachine" id=42]
states/BlendSpace1D/node = SubResource( 41 )
states/BlendSpace1D/position = Vector2( 272, 172 )
start_node = "BlendSpace1D"

[sub_resource type="AnimationNodeBlendTree" id=43]
nodes/StateMachine/node = SubResource( 42 )
nodes/StateMachine/position = Vector2( 92, 152 )
node_connections = [ "output", 0, "StateMachine" ]

[sub_resource type="AnimationNodeStateMachinePlayback" id=44]

[node name="Player" type="KinematicBody"]
script = ExtResource( 2 )

[node name="man" parent="." instance=ExtResource( 1 )]

[node name="BoneAttachment" parent="man/Armature001/Skeleton" index="0"]
transform = Transform( 0.997194, -0.0334226, -0.0669854, 0.0248288, 0.991814, -0.125249, 0.0706226, 0.123232, 0.989853, -5.59996, 158.148, -3.49808 )

[node name="BoneAttachment2" parent="man/Armature001/Skeleton" index="1"]
transform = Transform( -0.966083, 0.257836, 0.014284, 0.00654463, -0.0308499, 0.999503, 0.258148, 0.965696, 0.0281162, 17.1399, 0.775127, 12.1244 )

[node name="BoneAttachment3" parent="man/Armature001/Skeleton" index="2"]
transform = Transform( -0.949967, -0.311877, -0.0171728, -0.00640274, -0.0355246, 0.999348, -0.312283, 0.949458, 0.0317502, -23.8198, 0.778951, 13.6963 )

[node name="Left_foot" parent="man/Armature001/Skeleton" index="5"]
transform = Transform( -0.965093, 0.213643, 0.151497, 0.0122542, -0.540974, 0.84095, 0.26162, 0.813452, 0.519472, 13.0501, 11.131, -3.44755 )

[node name="Right_foot" parent="man/Armature001/Skeleton" index="7"]
transform = Transform( -0.948693, -0.259841, -0.18018, -0.0124758, -0.538627, 0.842452, -0.315953, 0.801476, 0.50775, -18.8239, 11.1349, -1.71335 )

[node name="Target_left" parent="man" index="4"]
transform = Transform( -0.995705, 0.0839233, -0.0390981, -0.0700844, -0.40728, 0.91061, 0.0604976, 0.90944, 0.411412, 0.177442, 0, 0 )

[node name="Target_right" parent="man" index="5"]
transform = Transform( -0.996751, -0.00543505, 0.0803656, 0.0717919, -0.512364, 0.855762, 0.0365253, 0.858751, 0.511089, -0.12507, 0, 0 )

[node name="Interpolation_left" parent="man" index="8"]
transform = Transform( 1, 0, 0, 0, 1, 0, 0, 0, 1, 0, 1, 0 )

[node name="Interpolation_right" parent="man" index="9"]
transform = Transform( 1, 0, 0, 0, 1, 0, 0, 0, 1, 0, 1, 0 )

[node name="CollisionShape" type="CollisionShape" parent="."]
transform = Transform( 1, 0, 0, 0, -4.37114e-08, 1, 0, -1, -4.37114e-08, 0, 1.16246, -0.0506245 )
shape = SubResource( 37 )

[node name="CollisionShape2" type="CollisionShape" parent="."]
transform = Transform( 1, 0, 0, 0, -4.37114e-08, 1, 0, -1, -4.37114e-08, 0, 0.402681, -0.0506245 )
shape = SubResource( 38 )

[node name="CameraRig" type="Position3D" parent="."]

[node name="Camera" type="Camera" parent="CameraRig"]
transform = Transform( 1, 0, 0, 0, 0.866025, 0.5, 0, -0.5, 0.866025, -0.495069, 2.31589, 2.62097 )

[node name="AnimationTree" type="AnimationTree" parent="."]
tree_root = SubResource( 43 )
anim_player = NodePath("../man/AnimationPlayer")
active = true
parameters/StateMachine/playback = SubResource( 44 )
parameters/StateMachine/BlendSpace1D/blend_position = -0.0317849

[editable path="man"]
