[gd_scene load_steps=2 format=2]

[ext_resource path="res://Assets/Player/mixamo.gltf" type="PackedScene" id=1]

[node name="mixamo" instance=ExtResource( 1 )]

[node name="Node2" parent="." index="0"]
transform = Transform( 0.112168, 0, 0, 0, 0.112168, 0, 0, 0, 0.112168, 0.00012207, 0.0264554, 0.00724244 )

[node name="BoneAttachment" parent="Node2/Skeleton" index="0"]
transform = Transform( 0.993669, 0.0739008, 0.0846174, -0.0665939, 0.994055, -0.0861416, -0.0904802, 0.0799613, 0.992683, 4.46113, 151.983, 8.20478 )

[node name="BoneAttachment2" parent="Node2/Skeleton" index="1"]
transform = Transform( 0.993669, 0.0739008, 0.0846174, -0.0665939, 0.994055, -0.0861416, -0.0904802, 0.0799613, 0.992683, 4.46113, 151.983, 8.20478 )

[node name="BoneAttachment3" parent="Node2/Skeleton" index="2"]
transform = Transform( 0.993669, 0.0739008, 0.0846174, -0.0665939, 0.994055, -0.0861416, -0.0904802, 0.0799613, 0.992683, 4.46113, 151.983, 8.20478 )

[node name="BoneAttachment4" parent="Node2/Skeleton" index="3"]
transform = Transform( -0.832071, 0.398686, -0.385626, -0.209803, -0.869805, -0.446566, -0.513459, -0.290669, 0.807385, 20.4406, 67.5293, -31.9344 )

[node name="BoneAttachment5" parent="Node2/Skeleton" index="4"]
transform = Transform( 0.325257, 0.737748, -0.591554, -0.942153, 0.199265, -0.269519, -0.0809614, 0.644997, 0.759884, 18.8001, 71.2576, -23.8728 )

[node name="BoneAttachment6" parent="Node2/Skeleton" index="5"]
transform = Transform( -0.846861, 0.414654, -0.333, -0.287939, -0.883942, -0.368426, -0.447122, -0.216122, 0.867971, 19.5056, 66.096, -28.7329 )

[node name="BoneAttachment7" parent="Node2/Skeleton" index="6"]
transform = Transform( -0.886454, 0.168607, -0.431012, 0.0599666, -0.881586, -0.468198, -0.458916, -0.440883, 0.771374, 21.1978, 69.5142, -33.6712 )

[node name="BoneAttachment8" parent="Node2/Skeleton" index="7"]
transform = Transform( -0.879663, 0.192695, -0.434813, 0.0421572, -0.879054, -0.474855, -0.473726, -0.436043, 0.765147, 22.0403, 71.8195, -35.3664 )

[node name="BoneAttachment9" parent="Node2/Skeleton" index="8"]
transform = Transform( -0.428626, -0.0508498, 0.90205, 0.687566, -0.666062, 0.289163, 0.586117, 0.744161, 0.320454, -24.5544, 77.6675, 41.8551 )

[node name="BoneAttachment10" parent="Node2/Skeleton" index="9"]
transform = Transform( 0.396913, -0.309058, 0.864259, 0.461724, 0.881022, 0.103004, -0.793266, 0.358166, 0.492389, -20.1872, 83.1015, 38.485 )

[node name="BoneAttachment11" parent="Node2/Skeleton" index="10"]
transform = Transform( -0.46762, -0.171563, 0.86712, 0.853707, -0.341982, 0.392725, 0.229162, 0.923913, 0.306382, -21.5351, 78.7537, 43.1853 )

[node name="BoneAttachment12" parent="Node2/Skeleton" index="11"]
transform = Transform( -0.397894, 0.0512935, 0.915996, 0.46751, -0.847737, 0.25055, 0.789376, 0.52793, 0.313329, -26.6226, 77.8182, 39.8253 )

[node name="BoneAttachment13" parent="Node2/Skeleton" index="12"]
transform = Transform( -0.437152, -0.101703, 0.893619, 0.734186, -0.614252, 0.289251, 0.519489, 0.782529, 0.34319, -28.8156, 77.4658, 38.9199 )

[node name="BoneAttachment14" parent="Node2/Skeleton" index="13"]
transform = Transform( 0.998398, 0.0163099, -0.0541902, -0.013904, 0.998913, 0.0444825, 0.0548568, -0.0436578, 0.997539, -8.37485, 0.043191, -23.9194 )

[node name="BoneAttachment15" parent="Node2/Skeleton" index="14"]
transform = Transform( 0.996935, 0.0335183, 0.0706957, -0.0697033, 0.790905, 0.607956, -0.0355359, -0.61102, 0.790817, 12.142, 11.1952, 57.0002 )
